10 10
416 959 357 751 510 707 500 50 24 179 
922 992 705 73 423 143 183 268 301 356 
567 127 417 200 181 649 418 243 880 11 
4 239 272 967 685 748 217 379 777 231 
519 483 318 816 239 43 961 991 348 458 
596 730 885 77 695 94 254 495 664 215 
188 66 121 81 317 553 540 736 211 477 
831 112 228 897 611 656 872 249 961 853 
817 580 786 102 349 756 426 594 145 860 
973 268 857 375 231 6 353 202 285 678 
0 576 1101 785 215 1344 889 1226 85 769 374 
576 0 1019 351 489 1262 313 1144 643 687 758 
1101 1019 0 668 1316 317 834 373 1186 502 727 
785 351 668 0 698 911 166 793 852 752 967 
215 489 1316 698 0 1559 802 1441 154 984 589 
1344 1262 317 911 1559 0 1077 118 1429 575 970 
889 313 834 166 802 1077 0 959 956 856 1071 
1226 1144 373 793 1441 118 959 0 1311 457 852 
85 643 1186 852 154 1429 956 1311 0 854 459 
769 687 502 752 984 575 856 457 854 0 395 
374 758 727 967 589 970 1071 852 459 395 0 
2294 1745 2345 2266 4171 3836 1307 3550 3309 186 